Top 10
Hit Ratio:0.03740586832517345
Precision:0.03828786156372363
Recall:0.04248577418685789
NDCG:0.049823093654245865
Top 20
Hit Ratio:0.06408820689378585
Precision:0.03279967159277504
Recall:0.07255738053883888
NDCG:0.060746256008448477
