Top 10
Hit Ratio:0.030479998272388762
Precision:0.031198686371100164
Recall:0.03487424682495003
NDCG:0.04028616926063602
Top 20
Hit Ratio:0.05188386750455812
Precision:0.026553618794998107
Recall:0.058833093914919116
NDCG:0.04895965303891646
