Top 10
Hit Ratio:0.03715906671972901
Precision:0.038035240621447516
Recall:0.0424152565537076
NDCG:0.04954695195872815
Top 20
Hit Ratio:0.06443064412134
Precision:0.0329749273714791
Recall:0.07307914519134655
NDCG:0.06089997706204111
