Top 10
Hit Ratio:0.036464937204416514
Precision:0.03732474422129595
Recall:0.04175431739435108
NDCG:0.048495603965383195
Top 20
Hit Ratio:0.06293132436826501
Precision:0.032207591259315396
Recall:0.07148926956334328
NDCG:0.05950100851246967
