Top 10
Hit Ratio:0.1026091907824223
Precision:0.11494231310383642
Recall:0.1350344607091188
NDCG:0.17534048721219472
Top 20
Hit Ratio:0.15336950696677384
Precision:0.08590188537660633
Recall:0.19142659000348594
NDCG:0.18084400932201358
