Top 10
Hit Ratio:0.030452233091776262
Precision:0.0311702665150941
Recall:0.0347402358235044
NDCG:0.0404030697536049
Top 20
Hit Ratio:0.052368215655242835
Precision:0.026801503094606542
Recall:0.05945709003294274
NDCG:0.04940512365429233
