Top 10
Hit Ratio:0.10312834941050375
Precision:0.1155238720570303
Recall:0.13612336267976322
NDCG:0.17762486411220693
Top 20
Hit Ratio:0.15210510450160772
Precision:0.08519369665134603
Recall:0.18988808163463936
NDCG:0.1816321274619389
