Top 10
Hit Ratio:0.03765575495068595
Precision:0.0385436402677782
Recall:0.042671256253900704
NDCG:0.04988283099389598
Top 20
Hit Ratio:0.06458489512474279
Precision:0.033053871415940385
Recall:0.0730282532519692
NDCG:0.06096464363472234
