Top 10
Hit Ratio:0.05118254120185865
Precision:0.09821339121723159
Recall:0.07844476778471901
NDCG:0.124848657516359
Top 20
Hit Ratio:0.08316945406449591
Precision:0.07979629320420771
Recall:0.12288509248419462
NDCG:0.1294898698396558
