Top 10
Hit Ratio:0.037233107201362345
Precision:0.03811102690413035
Recall:0.0424564085757166
NDCG:0.04940387281431657
Top 20
Hit Ratio:0.06392778585024696
Precision:0.032717569786535304
Recall:0.07224853745881672
NDCG:0.06036077979481519
