Top 10
Hit Ratio:0.030402872770687372
Precision:0.031119742326638878
Recall:0.034676204844070996
NDCG:0.04026245058481328
Top 20
Hit Ratio:0.051276118551151176
Precision:0.02624257925982064
Recall:0.05804832282849728
NDCG:0.048635197218268277
