Top 10
Hit Ratio:0.03742129342551373
Precision:0.03830365037261589
Recall:0.042574901660998206
NDCG:0.049630883123236894
Top 20
Hit Ratio:0.06410363199412612
Precision:0.03280756599722117
Recall:0.07249493709966157
NDCG:0.06052906987512189
