Top 10
Hit Ratio:0.037390443224833175
Precision:0.038272072754831375
Recall:0.042446163217271154
NDCG:0.04970035549873056
Top 20
Hit Ratio:0.06396789111113167
Precision:0.03273809523809524
Recall:0.07233825357449446
NDCG:0.060548920026961606
