Top 10
Hit Ratio:0.03686290479319568
Precision:0.03773209549071618
Recall:0.04195747999283231
NDCG:0.0492137184455135
Top 20
Hit Ratio:0.06387225548902195
Precision:0.03268914993052924
Recall:0.07209936329560095
NDCG:0.06032364007805342
