Top 10
Hit Ratio:0.037683520131298456
Precision:0.03857206012378426
Recall:0.04271105285962504
NDCG:0.05005044131531471
Top 20
Hit Ratio:0.06411597207439834
Precision:0.03281388152077807
Recall:0.07242912261336688
NDCG:0.06079084839839324
