Top 10
Hit Ratio:0.1348042947523167
Precision:0.047712448664820765
Recall:0.17132640521841747
NDCG:0.13069818612029416
Top 20
Hit Ratio:0.18785078623369122
Precision:0.033243825841339454
Recall:0.22604453270939145
NDCG:0.1469644559137436
