Top 10
Hit Ratio:0.03755703430850817
Precision:0.03844259189086775
Recall:0.04267325192621479
NDCG:0.04972377364020538
Top 20
Hit Ratio:0.06437511376011501
Precision:0.03294650751547303
Recall:0.07260161398292626
NDCG:0.06066396510159629
